Créature n° 0 :

Positions des noeuds : 
[[   0.            0.        ]
 [   0.68333093   39.14800275]
 [   1.85209009  -27.81016481]
 [  40.23593335  -71.96572544]
 [  27.16977824 -105.72999682]]


Matrice d'adjacence avec distances : 
[[ 0.         39.15396609  0.          0.          0.        ]
 [39.15396609  0.         66.96836717  0.          0.        ]
 [ 0.         66.96836717  0.         58.50669157 81.92975987]
 [ 0.          0.         58.50669157  0.          0.        ]
 [ 0.          0.         81.92975987  0.          0.        ]]


Forces par noeud en fonction du temps : 
[[[0.         0.        ]
  [0.         0.        ]
  [0.         0.        ]
  [0.         0.        ]
  [0.         0.        ]
  [0.         0.        ]
  [0.         0.        ]
  [0.         0.        ]
  [0.         0.        ]
  [0.         0.        ]
  [0.         0.        ]
  [0.         0.        ]
  [0.         0.        ]
  [0.         0.        ]
  [0.11586442 0.44353582]
  [0.         0.        ]
  [0.         0.        ]
  [0.         0.        ]
  [0.         0.        ]
  [0.         0.        ]
  [0.         0.        ]
  [0.         0.        ]
  [0.         0.        ]
  [0.         0.        ]
  [0.         0.        ]
  [0.         0.        ]
  [0.         0.        ]
  [0.         0.        ]
  [0.         0.        ]
  [0.         0.        ]
  [0.         0.        ]
  [0.         0.        ]
  [0.         0.        ]
  [0.         0.        ]
  [0.         0.        ]
  [0.         0.        ]
  [0.         0.        ]
  [0.         0.        ]
  [0.         0.        ]
  [0.         0.        ]
  [0.         0.        ]
  [0.32524756 0.47575919]
  [0.25879174 0.25101791]
  [0.         0.        ]
  [0.         0.        ]
  [0.         0.        ]
  [0.         0.        ]
  [0.         0.        ]
  [0.         0.        ]
  [0.         0.        ]
  [0.         0.        ]
  [0.         0.        ]
  [0.         0.        ]]

 [[0.         0.        ]
  [0.         0.        ]
  [0.         0.        ]
  [0.         0.        ]
  [0.         0.        ]
  [0.         0.        ]
  [0.         0.        ]
  [0.         0.        ]
  [0.         0.        ]
  [0.         0.        ]
  [0.         0.        ]
  [0.         0.        ]
  [0.23234284 0.47123904]
  [0.24650188 0.325305  ]
  [0.         0.        ]
  [0.         0.        ]
  [0.         0.        ]
  [0.         0.        ]
  [0.         0.        ]
  [0.         0.        ]
  [0.         0.        ]
  [0.         0.        ]
  [0.         0.        ]
  [0.         0.        ]
  [0.         0.        ]
  [0.         0.        ]
  [0.         0.        ]
  [0.         0.        ]
  [0.         0.        ]
  [0.45031037 0.47698187]
  [0.26038774 0.32827106]
  [0.         0.        ]
  [0.         0.        ]
  [0.         0.        ]
  [0.         0.        ]
  [0.         0.        ]
  [0.         0.        ]
  [0.         0.        ]
  [0.         0.        ]
  [0.         0.        ]
  [0.         0.        ]
  [0.         0.        ]
  [0.12819552 0.24216157]
  [0.         0.        ]
  [0.         0.        ]
  [0.         0.        ]
  [0.         0.        ]
  [0.         0.        ]
  [0.         0.        ]
  [0.         0.        ]
  [0.         0.        ]
  [0.         0.        ]
  [0.         0.        ]]

 [[0.         0.        ]
  [0.         0.        ]
  [0.         0.        ]
  [0.         0.        ]
  [0.42118776 0.32433017]
  [0.         0.        ]
  [0.         0.        ]
  [0.         0.        ]
  [0.         0.        ]
  [0.         0.        ]
  [0.         0.        ]
  [0.         0.        ]
  [0.         0.        ]
  [0.         0.        ]
  [0.36751662 0.31267516]
  [0.         0.        ]
  [0.         0.        ]
  [0.         0.        ]
  [0.         0.        ]
  [0.         0.        ]
  [0.         0.        ]
  [0.         0.        ]
  [0.         0.        ]
  [0.         0.        ]
  [0.         0.        ]
  [0.         0.        ]
  [0.12625375 0.4623951 ]
  [0.         0.        ]
  [0.         0.        ]
  [0.         0.        ]
  [0.         0.        ]
  [0.         0.        ]
  [0.         0.        ]
  [0.         0.        ]
  [0.         0.        ]
  [0.         0.        ]
  [0.         0.        ]
  [0.         0.        ]
  [0.47402471 0.34471252]
  [0.         0.        ]
  [0.         0.        ]
  [0.         0.        ]
  [0.         0.        ]
  [0.         0.        ]
  [0.         0.        ]
  [0.         0.        ]
  [0.         0.        ]
  [0.         0.        ]
  [0.         0.        ]
  [0.         0.        ]
  [0.         0.        ]
  [0.         0.        ]
  [0.         0.        ]]

 [[0.         0.        ]
  [0.         0.        ]
  [0.         0.        ]
  [0.         0.        ]
  [0.         0.        ]
  [0.         0.        ]
  [0.         0.        ]
  [0.         0.        ]
  [0.         0.        ]
  [0.         0.        ]
  [0.         0.        ]
  [0.         0.        ]
  [0.48655757 0.14555708]
  [0.         0.        ]
  [0.         0.        ]
  [0.         0.        ]
  [0.         0.        ]
  [0.         0.        ]
  [0.         0.        ]
  [0.28959063 0.41892651]
  [0.         0.        ]
  [0.         0.        ]
  [0.         0.        ]
  [0.         0.        ]
  [0.         0.        ]
  [0.         0.        ]
  [0.         0.        ]
  [0.         0.        ]
  [0.         0.        ]
  [0.         0.        ]
  [0.         0.        ]
  [0.         0.        ]
  [0.         0.        ]
  [0.49691339 0.28562297]
  [0.         0.        ]
  [0.         0.        ]
  [0.10468566 0.19683071]
  [0.         0.        ]
  [0.         0.        ]
  [0.         0.        ]
  [0.         0.        ]
  [0.         0.        ]
  [0.         0.        ]
  [0.         0.        ]
  [0.         0.        ]
  [0.         0.        ]
  [0.         0.        ]
  [0.         0.        ]
  [0.         0.        ]
  [0.         0.        ]
  [0.         0.        ]
  [0.         0.        ]
  [0.45620563 0.39532978]]

 [[0.35745068 0.2039197 ]
  [0.         0.        ]
  [0.         0.        ]
  [0.         0.        ]
  [0.         0.        ]
  [0.         0.        ]
  [0.         0.        ]
  [0.         0.        ]
  [0.         0.        ]
  [0.         0.        ]
  [0.         0.        ]
  [0.         0.        ]
  [0.         0.        ]
  [0.         0.        ]
  [0.         0.        ]
  [0.         0.        ]
  [0.         0.        ]
  [0.         0.        ]
  [0.         0.        ]
  [0.         0.        ]
  [0.         0.        ]
  [0.         0.        ]
  [0.         0.        ]
  [0.         0.        ]
  [0.         0.        ]
  [0.         0.        ]
  [0.         0.        ]
  [0.         0.        ]
  [0.         0.        ]
  [0.         0.        ]
  [0.         0.        ]
  [0.         0.        ]
  [0.         0.        ]
  [0.         0.        ]
  [0.         0.        ]
  [0.         0.        ]
  [0.         0.        ]
  [0.         0.        ]
  [0.         0.        ]
  [0.         0.        ]
  [0.         0.        ]
  [0.         0.        ]
  [0.         0.        ]
  [0.         0.        ]
  [0.         0.        ]
  [0.         0.        ]
  [0.         0.        ]
  [0.         0.        ]
  [0.         0.        ]
  [0.25202862 0.20722918]
  [0.         0.        ]
  [0.         0.        ]
  [0.29223277 0.18886998]]]


Créature n° 1 :

Positions des noeuds : 
[[   0.            0.        ]
 [ -79.12413729   61.81855118]
 [ -11.0735516  -105.35780574]
 [  24.10503227 -101.03841877]]


Matrice d'adjacence avec distances : 
[[  0.         100.40997148 105.93814599   0.        ]
 [100.40997148   0.           0.           0.        ]
 [105.93814599   0.           0.          35.44276889]
 [  0.           0.          35.44276889   0.        ]]


Forces par noeud en fonction du temps : 
[[[0.         0.        ]
  [0.         0.        ]
  [0.         0.        ]
  [0.         0.        ]
  [0.         0.        ]
  [0.         0.        ]
  [0.22451992 0.16177638]
  [0.         0.        ]
  [0.         0.        ]
  [0.         0.        ]
  [0.         0.        ]
  [0.         0.        ]
  [0.         0.        ]
  [0.3465912  0.33009466]
  [0.         0.        ]
  [0.         0.        ]
  [0.         0.        ]
  [0.         0.        ]
  [0.         0.        ]
  [0.         0.        ]
  [0.         0.        ]
  [0.         0.        ]
  [0.         0.        ]
  [0.         0.        ]
  [0.         0.        ]
  [0.         0.        ]
  [0.         0.        ]
  [0.         0.        ]
  [0.         0.        ]
  [0.         0.        ]
  [0.         0.        ]
  [0.         0.        ]
  [0.         0.        ]
  [0.         0.        ]
  [0.         0.        ]
  [0.         0.        ]
  [0.         0.        ]
  [0.         0.        ]
  [0.         0.        ]
  [0.         0.        ]
  [0.         0.        ]
  [0.         0.        ]
  [0.         0.        ]
  [0.         0.        ]
  [0.         0.        ]
  [0.         0.        ]
  [0.36966495 0.48341565]
  [0.         0.        ]
  [0.         0.        ]
  [0.         0.        ]
  [0.         0.        ]
  [0.         0.        ]
  [0.         0.        ]]

 [[0.         0.        ]
  [0.         0.        ]
  [0.         0.        ]
  [0.         0.        ]
  [0.         0.        ]
  [0.         0.        ]
  [0.         0.        ]
  [0.         0.        ]
  [0.         0.        ]
  [0.         0.        ]
  [0.         0.        ]
  [0.         0.        ]
  [0.         0.        ]
  [0.         0.        ]
  [0.         0.        ]
  [0.         0.        ]
  [0.         0.        ]
  [0.         0.        ]
  [0.         0.        ]
  [0.         0.        ]
  [0.         0.        ]
  [0.         0.        ]
  [0.         0.        ]
  [0.         0.        ]
  [0.         0.        ]
  [0.         0.        ]
  [0.         0.        ]
  [0.         0.        ]
  [0.         0.        ]
  [0.         0.        ]
  [0.         0.        ]
  [0.         0.        ]
  [0.22296242 0.36502113]
  [0.         0.        ]
  [0.         0.        ]
  [0.         0.        ]
  [0.         0.        ]
  [0.         0.        ]
  [0.         0.        ]
  [0.         0.        ]
  [0.         0.        ]
  [0.         0.        ]
  [0.         0.        ]
  [0.         0.        ]
  [0.         0.        ]
  [0.20245052 0.18950337]
  [0.         0.        ]
  [0.         0.        ]
  [0.         0.        ]
  [0.14851695 0.11835754]
  [0.         0.        ]
  [0.         0.        ]
  [0.         0.        ]]

 [[0.         0.        ]
  [0.         0.        ]
  [0.         0.        ]
  [0.         0.        ]
  [0.         0.        ]
  [0.         0.        ]
  [0.         0.        ]
  [0.         0.        ]
  [0.         0.        ]
  [0.         0.        ]
  [0.         0.        ]
  [0.         0.        ]
  [0.         0.        ]
  [0.         0.        ]
  [0.         0.        ]
  [0.         0.        ]
  [0.         0.        ]
  [0.         0.        ]
  [0.         0.        ]
  [0.         0.        ]
  [0.         0.        ]
  [0.         0.        ]
  [0.         0.        ]
  [0.         0.        ]
  [0.         0.        ]
  [0.         0.        ]
  [0.         0.        ]
  [0.         0.        ]
  [0.         0.        ]
  [0.43983901 0.46497776]
  [0.         0.        ]
  [0.         0.        ]
  [0.         0.        ]
  [0.31633957 0.2772663 ]
  [0.         0.        ]
  [0.         0.        ]
  [0.         0.        ]
  [0.         0.        ]
  [0.         0.        ]
  [0.         0.        ]
  [0.23029084 0.21746571]
  [0.30486761 0.39858055]
  [0.         0.        ]
  [0.         0.        ]
  [0.         0.        ]
  [0.         0.        ]
  [0.         0.        ]
  [0.         0.        ]
  [0.         0.        ]
  [0.         0.        ]
  [0.         0.        ]
  [0.         0.        ]
  [0.         0.        ]]

 [[0.         0.        ]
  [0.         0.        ]
  [0.         0.        ]
  [0.         0.        ]
  [0.         0.        ]
  [0.         0.        ]
  [0.         0.        ]
  [0.         0.        ]
  [0.         0.        ]
  [0.         0.        ]
  [0.         0.        ]
  [0.         0.        ]
  [0.         0.        ]
  [0.         0.        ]
  [0.         0.        ]
  [0.2233936  0.47554167]
  [0.         0.        ]
  [0.         0.        ]
  [0.         0.        ]
  [0.         0.        ]
  [0.         0.        ]
  [0.         0.        ]
  [0.         0.        ]
  [0.         0.        ]
  [0.         0.        ]
  [0.         0.        ]
  [0.         0.        ]
  [0.         0.        ]
  [0.         0.        ]
  [0.         0.        ]
  [0.         0.        ]
  [0.         0.        ]
  [0.         0.        ]
  [0.         0.        ]
  [0.         0.        ]
  [0.         0.        ]
  [0.         0.        ]
  [0.         0.        ]
  [0.         0.        ]
  [0.         0.        ]
  [0.         0.        ]
  [0.         0.        ]
  [0.         0.        ]
  [0.         0.        ]
  [0.         0.        ]
  [0.         0.        ]
  [0.         0.        ]
  [0.18513629 0.26579813]
  [0.         0.        ]
  [0.44713674 0.27134703]
  [0.         0.        ]
  [0.         0.        ]
  [0.         0.        ]]]


Créature n° 2 :

Positions des noeuds : 
[[  0.           0.        ]
 [-13.39311361 -36.79727723]
 [-63.45692776 -17.57957952]
 [ 44.88516828 -85.69856207]
 [ 70.14802997 -61.30250012]
 [-89.19649813  57.17356073]]


Matrice d'adjacence avec distances : 
[[ 0.         39.15884452  0.          0.          0.          0.        ]
 [39.15884452  0.         53.62560389 76.07689399  0.          0.        ]
 [ 0.         53.62560389  0.          0.          0.         79.06046712]
 [ 0.         76.07689399  0.          0.         35.11951052  0.        ]
 [ 0.          0.          0.         35.11951052  0.          0.        ]
 [ 0.          0.         79.06046712  0.          0.          0.        ]]


Forces par noeud en fonction du temps : 
[[[0.         0.        ]
  [0.         0.        ]
  [0.         0.        ]
  [0.         0.        ]
  [0.         0.        ]
  [0.         0.        ]
  [0.17311739 0.2915699 ]
  [0.         0.        ]
  [0.         0.        ]
  [0.         0.        ]
  [0.         0.        ]
  [0.         0.        ]
  [0.         0.        ]
  [0.         0.        ]
  [0.         0.        ]
  [0.         0.        ]
  [0.         0.        ]
  [0.         0.        ]
  [0.         0.        ]
  [0.44562046 0.10401234]
  [0.         0.        ]
  [0.         0.        ]
  [0.1167874  0.23369375]
  [0.         0.        ]
  [0.         0.        ]
  [0.         0.        ]
  [0.         0.        ]
  [0.         0.        ]
  [0.         0.        ]
  [0.         0.        ]
  [0.         0.        ]
  [0.         0.        ]
  [0.         0.        ]
  [0.         0.        ]
  [0.         0.        ]
  [0.         0.        ]
  [0.         0.        ]
  [0.         0.        ]
  [0.         0.        ]
  [0.         0.        ]
  [0.         0.        ]
  [0.         0.        ]
  [0.         0.        ]
  [0.         0.        ]
  [0.         0.        ]
  [0.         0.        ]
  [0.21006357 0.22973232]
  [0.         0.        ]
  [0.         0.        ]
  [0.         0.        ]]

 [[0.         0.        ]
  [0.         0.        ]
  [0.         0.        ]
  [0.         0.        ]
  [0.         0.        ]
  [0.         0.        ]
  [0.         0.        ]
  [0.         0.        ]
  [0.         0.        ]
  [0.         0.        ]
  [0.         0.        ]
  [0.         0.        ]
  [0.         0.        ]
  [0.         0.        ]
  [0.         0.        ]
  [0.         0.        ]
  [0.         0.        ]
  [0.         0.        ]
  [0.         0.        ]
  [0.         0.        ]
  [0.         0.        ]
  [0.         0.        ]
  [0.16503679 0.43442711]
  [0.         0.        ]
  [0.         0.        ]
  [0.         0.        ]
  [0.         0.        ]
  [0.         0.        ]
  [0.         0.        ]
  [0.         0.        ]
  [0.         0.        ]
  [0.3459344  0.31114047]
  [0.         0.        ]
  [0.         0.        ]
  [0.         0.        ]
  [0.         0.        ]
  [0.         0.        ]
  [0.         0.        ]
  [0.         0.        ]
  [0.         0.        ]
  [0.         0.        ]
  [0.         0.        ]
  [0.         0.        ]
  [0.         0.        ]
  [0.4601777  0.24994639]
  [0.24886877 0.35787899]
  [0.         0.        ]
  [0.42873515 0.22369667]
  [0.         0.        ]
  [0.         0.        ]]

 [[0.         0.        ]
  [0.         0.        ]
  [0.         0.        ]
  [0.         0.        ]
  [0.         0.        ]
  [0.         0.        ]
  [0.         0.        ]
  [0.         0.        ]
  [0.         0.        ]
  [0.         0.        ]
  [0.         0.        ]
  [0.         0.        ]
  [0.         0.        ]
  [0.         0.        ]
  [0.         0.        ]
  [0.         0.        ]
  [0.         0.        ]
  [0.         0.        ]
  [0.         0.        ]
  [0.         0.        ]
  [0.         0.        ]
  [0.         0.        ]
  [0.         0.        ]
  [0.         0.        ]
  [0.         0.        ]
  [0.         0.        ]
  [0.         0.        ]
  [0.         0.        ]
  [0.41352111 0.19164678]
  [0.         0.        ]
  [0.         0.        ]
  [0.         0.        ]
  [0.         0.        ]
  [0.         0.        ]
  [0.31755766 0.13145953]
  [0.         0.        ]
  [0.         0.        ]
  [0.         0.        ]
  [0.         0.        ]
  [0.         0.        ]
  [0.         0.        ]
  [0.2660163  0.11441436]
  [0.         0.        ]
  [0.         0.        ]
  [0.         0.        ]
  [0.         0.        ]
  [0.         0.        ]
  [0.         0.        ]
  [0.         0.        ]
  [0.         0.        ]]

 [[0.         0.        ]
  [0.         0.        ]
  [0.         0.        ]
  [0.         0.        ]
  [0.32120393 0.41216003]
  [0.         0.        ]
  [0.         0.        ]
  [0.         0.        ]
  [0.         0.        ]
  [0.         0.        ]
  [0.         0.        ]
  [0.20109273 0.29691937]
  [0.         0.        ]
  [0.         0.        ]
  [0.19733595 0.33311501]
  [0.         0.        ]
  [0.         0.        ]
  [0.         0.        ]
  [0.         0.        ]
  [0.         0.        ]
  [0.         0.        ]
  [0.         0.        ]
  [0.33257955 0.47075167]
  [0.         0.        ]
  [0.         0.        ]
  [0.         0.        ]
  [0.         0.        ]
  [0.         0.        ]
  [0.         0.        ]
  [0.         0.        ]
  [0.         0.        ]
  [0.         0.        ]
  [0.48192616 0.44946009]
  [0.         0.        ]
  [0.         0.        ]
  [0.         0.        ]
  [0.         0.        ]
  [0.         0.        ]
  [0.         0.        ]
  [0.         0.        ]
  [0.         0.        ]
  [0.         0.        ]
  [0.         0.        ]
  [0.         0.        ]
  [0.         0.        ]
  [0.         0.        ]
  [0.         0.        ]
  [0.         0.        ]
  [0.         0.        ]
  [0.         0.        ]]

 [[0.         0.        ]
  [0.         0.        ]
  [0.         0.        ]
  [0.         0.        ]
  [0.         0.        ]
  [0.         0.        ]
  [0.         0.        ]
  [0.         0.        ]
  [0.         0.        ]
  [0.3049977  0.28546821]
  [0.         0.        ]
  [0.         0.        ]
  [0.         0.        ]
  [0.         0.        ]
  [0.         0.        ]
  [0.         0.        ]
  [0.         0.        ]
  [0.         0.        ]
  [0.         0.        ]
  [0.34044063 0.26131246]
  [0.         0.        ]
  [0.25633553 0.26354731]
  [0.         0.        ]
  [0.26199146 0.41691017]
  [0.         0.        ]
  [0.         0.        ]
  [0.         0.        ]
  [0.         0.        ]
  [0.         0.        ]
  [0.         0.        ]
  [0.         0.        ]
  [0.         0.        ]
  [0.         0.        ]
  [0.         0.        ]
  [0.         0.        ]
  [0.         0.        ]
  [0.         0.        ]
  [0.         0.        ]
  [0.         0.        ]
  [0.         0.        ]
  [0.         0.        ]
  [0.         0.        ]
  [0.         0.        ]
  [0.         0.        ]
  [0.         0.        ]
  [0.         0.        ]
  [0.         0.        ]
  [0.         0.        ]
  [0.         0.        ]
  [0.         0.        ]]

 [[0.         0.        ]
  [0.         0.        ]
  [0.         0.        ]
  [0.         0.        ]
  [0.         0.        ]
  [0.         0.        ]
  [0.         0.        ]
  [0.         0.        ]
  [0.         0.        ]
  [0.         0.        ]
  [0.         0.        ]
  [0.         0.        ]
  [0.         0.        ]
  [0.         0.        ]
  [0.         0.        ]
  [0.         0.        ]
  [0.         0.        ]
  [0.         0.        ]
  [0.         0.        ]
  [0.         0.        ]
  [0.         0.        ]
  [0.         0.        ]
  [0.         0.        ]
  [0.         0.        ]
  [0.         0.        ]
  [0.         0.        ]
  [0.         0.        ]
  [0.         0.        ]
  [0.36627654 0.12514989]
  [0.         0.        ]
  [0.         0.        ]
  [0.         0.        ]
  [0.         0.        ]
  [0.         0.        ]
  [0.42239161 0.24010176]
  [0.         0.        ]
  [0.         0.        ]
  [0.         0.        ]
  [0.         0.        ]
  [0.         0.        ]
  [0.         0.        ]
  [0.27188124 0.49828427]
  [0.         0.        ]
  [0.         0.        ]
  [0.         0.        ]
  [0.         0.        ]
  [0.         0.        ]
  [0.         0.        ]
  [0.         0.        ]
  [0.         0.        ]]]


Créature n° 3 :

Positions des noeuds : 
[[  0.           0.        ]
 [-12.7047855  -31.44544758]
 [ -4.17222707  59.66562684]
 [-79.60741959  40.29884383]
 [  2.95230322  -9.89531373]
 [ 59.33859885  -6.94023319]]


Matrice d'adjacence avec distances : 
[[ 0.         33.91500771 59.81132422  0.          0.          0.        ]
 [33.91500771  0.          0.         98.09793982 26.63743036  0.        ]
 [59.81132422  0.          0.          0.          0.          0.        ]
 [ 0.         98.09793982  0.          0.          0.          0.        ]
 [ 0.         26.63743036  0.          0.          0.         56.46367713]
 [ 0.          0.          0.          0.         56.46367713  0.        ]]


Forces par noeud en fonction du temps : 
[[[0.         0.        ]
  [0.         0.        ]
  [0.         0.        ]
  [0.         0.        ]
  [0.         0.        ]
  [0.         0.        ]
  [0.         0.        ]
  [0.         0.        ]
  [0.         0.        ]
  [0.         0.        ]
  [0.         0.        ]
  [0.         0.        ]
  [0.         0.        ]
  [0.         0.        ]
  [0.         0.        ]
  [0.         0.        ]
  [0.         0.        ]
  [0.         0.        ]
  [0.         0.        ]
  [0.10933731 0.33248373]
  [0.17272796 0.32353172]
  [0.         0.        ]
  [0.         0.        ]
  [0.         0.        ]
  [0.         0.        ]
  [0.         0.        ]
  [0.         0.        ]
  [0.         0.        ]
  [0.         0.        ]
  [0.         0.        ]
  [0.         0.        ]
  [0.         0.        ]
  [0.         0.        ]
  [0.10949857 0.2827296 ]
  [0.         0.        ]
  [0.         0.        ]
  [0.         0.        ]
  [0.         0.        ]
  [0.         0.        ]
  [0.         0.        ]
  [0.         0.        ]
  [0.         0.        ]
  [0.         0.        ]
  [0.         0.        ]
  [0.         0.        ]
  [0.         0.        ]
  [0.         0.        ]
  [0.         0.        ]
  [0.         0.        ]
  [0.         0.        ]]

 [[0.         0.        ]
  [0.         0.        ]
  [0.         0.        ]
  [0.         0.        ]
  [0.         0.        ]
  [0.         0.        ]
  [0.         0.        ]
  [0.34954379 0.37854744]
  [0.         0.        ]
  [0.         0.        ]
  [0.         0.        ]
  [0.         0.        ]
  [0.         0.        ]
  [0.         0.        ]
  [0.         0.        ]
  [0.         0.        ]
  [0.         0.        ]
  [0.         0.        ]
  [0.         0.        ]
  [0.         0.        ]
  [0.         0.        ]
  [0.         0.        ]
  [0.         0.        ]
  [0.         0.        ]
  [0.         0.        ]
  [0.         0.        ]
  [0.         0.        ]
  [0.         0.        ]
  [0.         0.        ]
  [0.         0.        ]
  [0.         0.        ]
  [0.         0.        ]
  [0.         0.        ]
  [0.         0.        ]
  [0.         0.        ]
  [0.         0.        ]
  [0.         0.        ]
  [0.         0.        ]
  [0.         0.        ]
  [0.         0.        ]
  [0.         0.        ]
  [0.         0.        ]
  [0.         0.        ]
  [0.         0.        ]
  [0.         0.        ]
  [0.         0.        ]
  [0.         0.        ]
  [0.         0.        ]
  [0.40778846 0.17564455]
  [0.33189337 0.11535411]]

 [[0.         0.        ]
  [0.         0.        ]
  [0.         0.        ]
  [0.         0.        ]
  [0.         0.        ]
  [0.         0.        ]
  [0.         0.        ]
  [0.         0.        ]
  [0.         0.        ]
  [0.         0.        ]
  [0.         0.        ]
  [0.         0.        ]
  [0.         0.        ]
  [0.         0.        ]
  [0.         0.        ]
  [0.         0.        ]
  [0.         0.        ]
  [0.         0.        ]
  [0.         0.        ]
  [0.35744583 0.23856836]
  [0.         0.        ]
  [0.         0.        ]
  [0.         0.        ]
  [0.         0.        ]
  [0.         0.        ]
  [0.         0.        ]
  [0.28986178 0.30401663]
  [0.         0.        ]
  [0.         0.        ]
  [0.         0.        ]
  [0.         0.        ]
  [0.         0.        ]
  [0.         0.        ]
  [0.         0.        ]
  [0.         0.        ]
  [0.         0.        ]
  [0.         0.        ]
  [0.         0.        ]
  [0.         0.        ]
  [0.         0.        ]
  [0.         0.        ]
  [0.         0.        ]
  [0.         0.        ]
  [0.         0.        ]
  [0.         0.        ]
  [0.         0.        ]
  [0.         0.        ]
  [0.         0.        ]
  [0.38576971 0.3147781 ]
  [0.         0.        ]]

 [[0.         0.        ]
  [0.         0.        ]
  [0.10722629 0.10814952]
  [0.         0.        ]
  [0.         0.        ]
  [0.         0.        ]
  [0.         0.        ]
  [0.         0.        ]
  [0.         0.        ]
  [0.         0.        ]
  [0.         0.        ]
  [0.         0.        ]
  [0.         0.        ]
  [0.         0.        ]
  [0.         0.        ]
  [0.         0.        ]
  [0.         0.        ]
  [0.         0.        ]
  [0.         0.        ]
  [0.49278929 0.39072804]
  [0.         0.        ]
  [0.         0.        ]
  [0.         0.        ]
  [0.         0.        ]
  [0.         0.        ]
  [0.         0.        ]
  [0.21647396 0.22447986]
  [0.         0.        ]
  [0.         0.        ]
  [0.         0.        ]
  [0.         0.        ]
  [0.         0.        ]
  [0.         0.        ]
  [0.49482873 0.43293596]
  [0.         0.        ]
  [0.         0.        ]
  [0.         0.        ]
  [0.         0.        ]
  [0.         0.        ]
  [0.         0.        ]
  [0.         0.        ]
  [0.         0.        ]
  [0.         0.        ]
  [0.         0.        ]
  [0.         0.        ]
  [0.         0.        ]
  [0.         0.        ]
  [0.         0.        ]
  [0.         0.        ]
  [0.         0.        ]]

 [[0.         0.        ]
  [0.         0.        ]
  [0.         0.        ]
  [0.         0.        ]
  [0.         0.        ]
  [0.18442915 0.1547289 ]
  [0.         0.        ]
  [0.         0.        ]
  [0.         0.        ]
  [0.         0.        ]
  [0.         0.        ]
  [0.         0.        ]
  [0.         0.        ]
  [0.36078669 0.22871941]
  [0.         0.        ]
  [0.         0.        ]
  [0.         0.        ]
  [0.         0.        ]
  [0.         0.        ]
  [0.         0.        ]
  [0.         0.        ]
  [0.         0.        ]
  [0.         0.        ]
  [0.         0.        ]
  [0.         0.        ]
  [0.         0.        ]
  [0.         0.        ]
  [0.         0.        ]
  [0.         0.        ]
  [0.         0.        ]
  [0.         0.        ]
  [0.         0.        ]
  [0.         0.        ]
  [0.12053985 0.47689346]
  [0.         0.        ]
  [0.         0.        ]
  [0.         0.        ]
  [0.         0.        ]
  [0.         0.        ]
  [0.         0.        ]
  [0.         0.        ]
  [0.         0.        ]
  [0.         0.        ]
  [0.         0.        ]
  [0.         0.        ]
  [0.         0.        ]
  [0.         0.        ]
  [0.31365053 0.13210711]
  [0.         0.        ]
  [0.         0.        ]]

 [[0.         0.        ]
  [0.         0.        ]
  [0.         0.        ]
  [0.         0.        ]
  [0.         0.        ]
  [0.         0.        ]
  [0.         0.        ]
  [0.         0.        ]
  [0.         0.        ]
  [0.         0.        ]
  [0.         0.        ]
  [0.         0.        ]
  [0.         0.        ]
  [0.         0.        ]
  [0.         0.        ]
  [0.         0.        ]
  [0.         0.        ]
  [0.         0.        ]
  [0.         0.        ]
  [0.40403061 0.21089794]
  [0.         0.        ]
  [0.         0.        ]
  [0.         0.        ]
  [0.40259999 0.2409106 ]
  [0.         0.        ]
  [0.         0.        ]
  [0.         0.        ]
  [0.         0.        ]
  [0.         0.        ]
  [0.         0.        ]
  [0.         0.        ]
  [0.         0.        ]
  [0.         0.        ]
  [0.         0.        ]
  [0.         0.        ]
  [0.18802188 0.36528587]
  [0.         0.        ]
  [0.         0.        ]
  [0.         0.        ]
  [0.         0.        ]
  [0.         0.        ]
  [0.         0.        ]
  [0.         0.        ]
  [0.17969304 0.49538832]
  [0.         0.        ]
  [0.         0.        ]
  [0.         0.        ]
  [0.         0.        ]
  [0.         0.        ]
  [0.         0.        ]]]


Créature n° 4 :

Positions des noeuds : 
[[   0.            0.        ]
 [  84.6108572    44.98839079]
 [  36.63775562  -82.28974645]
 [  60.16529049 -140.52243869]]


Matrice d'adjacence avec distances : 
[[ 0.         95.82772283 90.07734181  0.        ]
 [95.82772283  0.          0.          0.        ]
 [90.07734181  0.          0.         62.80598174]
 [ 0.          0.         62.80598174  0.        ]]


Forces par noeud en fonction du temps : 
[[[0.         0.        ]
  [0.         0.        ]
  [0.         0.        ]
  [0.         0.        ]
  [0.         0.        ]
  [0.         0.        ]
  [0.         0.        ]
  [0.         0.        ]
  [0.         0.        ]
  [0.         0.        ]
  [0.         0.        ]
  [0.         0.        ]
  [0.         0.        ]
  [0.         0.        ]
  [0.         0.        ]
  [0.         0.        ]
  [0.49395931 0.32882679]
  [0.         0.        ]
  [0.         0.        ]
  [0.         0.        ]
  [0.         0.        ]
  [0.17201288 0.43600546]
  [0.         0.        ]
  [0.         0.        ]
  [0.         0.        ]
  [0.         0.        ]
  [0.         0.        ]
  [0.         0.        ]
  [0.         0.        ]
  [0.         0.        ]
  [0.         0.        ]
  [0.         0.        ]
  [0.         0.        ]
  [0.         0.        ]
  [0.         0.        ]
  [0.         0.        ]
  [0.         0.        ]
  [0.         0.        ]
  [0.         0.        ]
  [0.         0.        ]
  [0.         0.        ]
  [0.         0.        ]
  [0.         0.        ]
  [0.         0.        ]
  [0.22655758 0.49396564]
  [0.         0.        ]
  [0.         0.        ]
  [0.         0.        ]
  [0.         0.        ]
  [0.         0.        ]
  [0.         0.        ]
  [0.         0.        ]
  [0.         0.        ]]

 [[0.         0.        ]
  [0.12914749 0.16964302]
  [0.         0.        ]
  [0.         0.        ]
  [0.         0.        ]
  [0.         0.        ]
  [0.         0.        ]
  [0.         0.        ]
  [0.         0.        ]
  [0.         0.        ]
  [0.         0.        ]
  [0.         0.        ]
  [0.         0.        ]
  [0.         0.        ]
  [0.23150966 0.43710763]
  [0.         0.        ]
  [0.         0.        ]
  [0.2674659  0.18258616]
  [0.         0.        ]
  [0.         0.        ]
  [0.         0.        ]
  [0.         0.        ]
  [0.         0.        ]
  [0.         0.        ]
  [0.         0.        ]
  [0.         0.        ]
  [0.         0.        ]
  [0.         0.        ]
  [0.         0.        ]
  [0.         0.        ]
  [0.         0.        ]
  [0.         0.        ]
  [0.14060114 0.20883916]
  [0.         0.        ]
  [0.         0.        ]
  [0.         0.        ]
  [0.         0.        ]
  [0.         0.        ]
  [0.         0.        ]
  [0.         0.        ]
  [0.         0.        ]
  [0.         0.        ]
  [0.         0.        ]
  [0.         0.        ]
  [0.         0.        ]
  [0.         0.        ]
  [0.         0.        ]
  [0.         0.        ]
  [0.         0.        ]
  [0.         0.        ]
  [0.         0.        ]
  [0.37209751 0.30575917]
  [0.         0.        ]]

 [[0.         0.        ]
  [0.35320363 0.31478166]
  [0.23950527 0.43387908]
  [0.30096184 0.24026199]
  [0.         0.        ]
  [0.         0.        ]
  [0.         0.        ]
  [0.         0.        ]
  [0.         0.        ]
  [0.         0.        ]
  [0.         0.        ]
  [0.         0.        ]
  [0.         0.        ]
  [0.         0.        ]
  [0.         0.        ]
  [0.         0.        ]
  [0.         0.        ]
  [0.         0.        ]
  [0.         0.        ]
  [0.         0.        ]
  [0.         0.        ]
  [0.         0.        ]
  [0.         0.        ]
  [0.         0.        ]
  [0.         0.        ]
  [0.         0.        ]
  [0.         0.        ]
  [0.         0.        ]
  [0.         0.        ]
  [0.         0.        ]
  [0.         0.        ]
  [0.         0.        ]
  [0.         0.        ]
  [0.         0.        ]
  [0.         0.        ]
  [0.         0.        ]
  [0.         0.        ]
  [0.         0.        ]
  [0.         0.        ]
  [0.         0.        ]
  [0.         0.        ]
  [0.         0.        ]
  [0.         0.        ]
  [0.33838582 0.31315226]
  [0.         0.        ]
  [0.         0.        ]
  [0.         0.        ]
  [0.         0.        ]
  [0.         0.        ]
  [0.         0.        ]
  [0.         0.        ]
  [0.         0.        ]
  [0.         0.        ]]

 [[0.         0.        ]
  [0.         0.        ]
  [0.         0.        ]
  [0.         0.        ]
  [0.         0.        ]
  [0.         0.        ]
  [0.         0.        ]
  [0.         0.        ]
  [0.         0.        ]
  [0.         0.        ]
  [0.         0.        ]
  [0.         0.        ]
  [0.         0.        ]
  [0.         0.        ]
  [0.         0.        ]
  [0.         0.        ]
  [0.         0.        ]
  [0.         0.        ]
  [0.         0.        ]
  [0.20276509 0.28988452]
  [0.         0.        ]
  [0.         0.        ]
  [0.         0.        ]
  [0.         0.        ]
  [0.         0.        ]
  [0.         0.        ]
  [0.         0.        ]
  [0.         0.        ]
  [0.         0.        ]
  [0.         0.        ]
  [0.         0.        ]
  [0.         0.        ]
  [0.         0.        ]
  [0.         0.        ]
  [0.         0.        ]
  [0.         0.        ]
  [0.         0.        ]
  [0.47693139 0.22913935]
  [0.22507393 0.13424743]
  [0.         0.        ]
  [0.         0.        ]
  [0.45684775 0.1567082 ]
  [0.         0.        ]
  [0.         0.        ]
  [0.         0.        ]
  [0.         0.        ]
  [0.         0.        ]
  [0.         0.        ]
  [0.25206541 0.44957413]
  [0.         0.        ]
  [0.         0.        ]
  [0.         0.        ]
  [0.         0.        ]]]


